0.0 0.0 0.0 146.39856 240.75754
1.0 0.0 0.0 148.83553 209.49371
2.0 0.0 0.0 151.51917 180.04099
3.0 0.0 0.0 154.09694 152.48091
4.0 0.0 0.0 156.50087 126.542336
5.0 0.0 0.0 158.9237 102.02474
6.0 0.0 0.0 161.3021 78.796326
0.0 1.0 0.0 177.5049 240.6578
1.0 1.0 0.0 179.30621 208.8729
2.0 1.0 0.0 180.8149 179.32913
3.0 1.0 0.0 182.54639 151.4929
4.0 1.0 0.0 184.2548 125.364655
5.0 1.0 0.0 185.76144 100.6497
6.0 1.0 0.0 187.3481 77.39799
0.0 2.0 0.0 209.64189 240.22723
1.0 2.0 0.0 210.36389 208.30289
2.0 2.0 0.0 210.88799 178.4015
3.0 2.0 0.0 211.65027 150.34837
4.0 2.0 0.0 212.41748 124.126366
5.0 2.0 0.0 213.21379 99.3735
6.0 2.0 0.0 213.91742 76.18416
0.0 3.0 0.0 242.29851 239.7209
1.0 3.0 0.0 241.74269 207.66035
2.0 3.0 0.0 241.53677 177.55673
3.0 3.0 0.0 241.34033 149.31512
4.0 3.0 0.0 241.14352 123.01466
5.0 3.0 0.0 240.99368 98.10075
6.0 3.0 0.0 240.7799 74.75045
0.0 4.0 0.0 275.28555 239.39507
1.0 4.0 0.0 273.88638 206.89265
2.0 4.0 0.0 272.51752 176.77252
3.0 4.0 0.0 271.35648 148.47687
4.0 4.0 0.0 270.1829 121.888
5.0 4.0 0.0 269.16333 96.91115
6.0 4.0 0.0 267.94495 73.441795
0.0 5.0 0.0 308.6997 238.7351
1.0 5.0 0.0 306.31305 206.26714
2.0 5.0 0.0 303.97327 175.84785
3.0 5.0 0.0 301.582 147.48137
4.0 5.0 0.0 299.47217 120.78554
5.0 5.0 0.0 297.42093 95.72883
6.0 5.0 0.0 295.4988 72.44874
